0.000000000000000000e+00 2.117737052143693290e+03
2.671137475234742396e+03 5.890228519002549547e+03
4.975156953261444869e+03 8.319525651862857558e+03
5.531825489087284041e+03 8.295559491807733139e+03
5.184316168287983601e+03 5.880424180798179805e+03
4.721333530859450548e+03 4.433739610197960246e+03
4.972978211438254220e+03 4.136341351332102022e+03
4.779070189174069128e+03 3.584030299152651423e+03
2.689656780731883828e+03 6.405500960187720239e+02
6.819461906594407310e+02 0.000000000000000000e+00
