3.033331631033459871e+03 1.055450108721374136e+03 3.260445227805380000e+03 3.457121672122620112e+03 4.579526213243061648e+03 3.183608493692746379e+03 3.706009473693889049e+03 3.448886251129443281e+03 1.165836892615230909e+03 4.641621094201781489e+03
3.813004312328765991e+03 3.299111252952881387e+03 2.387235683368238369e+03 1.344437360294329437e+03 4.024225450361222101e+03 4.878586868238138777e+03 2.318418722208047257e+03 2.458548507259241433e+03 3.853158866288068566e+03 3.410521406320952337e+03
4.229426494759510206e+03 3.697634937612972408e+03 1.484120657099407936e+03 4.038379870503476013e+03 2.405985329311643000e+03 3.583298208188611170e+03 4.765656544941823086e+03 2.891572280241120552e+03 2.461673085504654864e+03 9.496302583842940521e+02
2.083448235287244188e+03 1.563880748593303679e+03 4.840806790331071170e+03 3.179554301564933212e+03 2.744630148101204213e+03 2.637059945801078356e+03 1.555222838857173201e+03 4.980505272224974760e+03 3.106320461294362303e+03 1.128967542628693081e+03
3.156713022079824441e+03 4.103798730206476648e+03 2.116838152947080403e+02 9.179773199280564313e+02 5.032509251859790425e+02 5.193391648775275371e+02 3.443371224349942622e+03 2.753026986304662842e+03 4.168518801540408276e+03 3.790357738173231155e+03
4.165753798859934250e+03 4.966472842906923688e+03 3.000705589480183335e+03 2.442770569961720867e+03 4.286582378856139258e+03 2.844145785441329735e+03 1.625449660595136493e+03 1.534416089114528177e+03 1.820129960720850249e+03 2.695163387643644000e+03
3.647459977199035848e+02 5.168396977304531902e+03 3.471947497286319503e+03 1.538039248478655054e+03 2.995971795064063372e+03 4.607548259465101182e+03 4.720101696937151246e+03 4.529271566012080257e+03 4.326455904583747724e+03 5.337009465139931308e+03
1.409103191105739825e+03 2.720166737156120689e+03 5.409214631048294905e+03 2.924732840898750510e+03 1.565872322987242569e+03 4.403924950267215536e+03 4.791210157398204501e+03 1.055823177786555334e+03 1.177750700417242115e+03 1.969618735629249159e+03
1.713922762428964688e+03 2.262496128408734421e+03 3.885391945070361999e+03 4.531844845376331250e+03 4.122883883412204113e+02 1.810170756389236715e+02 3.967452570463210577e+02 4.592965208755937056e+03 2.360142170676749174e+03 4.736964130353937435e+03
2.561374221560994101e+03 4.140563582934881197e+03 1.012631108252986792e+03 5.405580220288351484e+03 5.148303609176279679e+03 1.597663392773697524e+03 3.686846778635987448e+03 4.139536949441337129e+03 1.061219726140292750e+02 1.354551630352030429e+02
4.733453225032414593e+03 2.237450863518881306e+03 4.577412526613417867e+03 4.827003684553776111e+03 5.183491357766874899e+03 1.460899886233884899e+03 4.532495884825839312e+03 5.112773376608194667e+03 5.099814832924659640e+03 2.322258581985818182e+03
4.007375753747227009e+03 8.804116875458628328e+02 2.235086241962245367e+03 2.755251712611438393e+02 2.023055392311214291e+03 2.767786048560820291e+03 2.969783137524953872e+03 6.979275384777704403e+02 3.541763918460428158e+03 2.720424144730880471e+03
3.322760560558346242e+03 7.379075674336686461e+02 2.998074452633409692e+03 3.845846200190852414e+03 3.434906034316374644e+03 3.603408710860532665e+03 2.330289895915459965e+03 3.749250526083111254e+03 2.611578923571983978e+03 1.324340320453122104e+03
5.372909128753087316e+03 2.204997171917842479e+03 2.141111543966945646e+03 2.620099243011619365e+03 1.291145007821869967e+03 4.402800229833160301e+03 1.121069269752097398e+03 1.794064541423078651e+02 5.148471161951513750e+03 4.853772366526881342e+03
2.666313056983526621e+03 5.160979742660480042e+03 5.252703344082992771e+03 2.277467858528871602e+03 1.165842052003372146e+03 1.731858361131221045e+03 3.532694162300831977e+03 2.024784334106229153e+03 4.658801419180344965e+03 3.517388000130278215e+03
2.536577080169676606e+02 3.762301561747547112e+03 6.742309836046763394e+02 5.320469423210335663e+03 3.046130557819826208e+03 5.504524304795226271e+03 6.992939274047225808e+02 1.981744804802718591e+03 1.858170482981062378e+03 3.902235678155983805e+03
