3.548549544454967872e+03 1.663029713777360485e+03 2.853602986510681149e+03 4.417334158786326043e+03 5.161412163177699767e+03 3.325721092588891679e+03 5.458724684307998359e+03 6.035545369048375505e+03 3.098207081380166983e+02 7.203843102117903982e+03
5.364537600193413709e+03 5.868923100423874530e+03 3.736546357953358893e+03 9.215090232396154306e+02 3.106202461346249038e+03 5.861088122635317632e+03 3.749434752207244401e+03 4.288759717059283503e+03 5.971418088866211292e+03 5.233477599982150423e+03
7.523623914318654897e+03 4.582578398846446362e+03 1.011439061752477755e+03 7.173065734785119275e+03 3.433860886588593530e+03 6.653863005775919191e+03 7.824237073270076507e+03 1.324773245431080568e+03 3.335488810051575001e+03 3.292919071828116557e+03
2.701078878931689360e+03 4.084961829954670065e+03 5.448263547010792536e+03 1.879918389911154463e+03 1.223838327416333868e+03 1.432110901360420939e+03 2.037359558276031748e+03 6.065645028814448779e+03 4.607531483055279750e+03 5.836856304086601313e+02
1.919154709366751831e+03 7.120972814308663146e+03 1.822992975132228366e+03 2.758864600101031556e+03 2.600015939527688261e+03 7.282206958258366285e+02 6.685428146248784287e+03 3.014414724205498715e+03 7.121564918252076495e+03 3.779114722834816348e+03
4.217120067248441046e+03 5.325689416042508128e+03 5.884434539784017034e+03 2.908476807975220254e+03 7.282004890761693787e+03 4.494503673952573081e+03 8.052119033001515618e+02 3.240567518410675348e+03 2.293915975551881729e+03 2.045817217353597016e+03
2.565294981478397403e+03 7.768568733720321688e+03 4.571042707267061814e+03 3.991756911252973623e+03 5.752806385756785858e+03 4.374758846187296513e+03 4.587140710146141828e+03 4.679653432480269657e+03 3.577313912302933659e+03 8.297715235830117308e+03
8.806492765876560043e+02 1.638307944724577510e+03 7.768183716619925690e+03 6.127699430520887290e+03 1.422288675903235571e+03 7.527750066252121542e+03 5.971785941769208875e+03 1.321007883851598081e+03 3.468357273813866868e+03 4.435746047357747557e+03
4.210411792881991460e+03 2.755009666878658663e+03 6.871780970042352237e+03 5.977636708813145560e+03 1.096224266784245629e+03 1.948516308464731310e+03 1.467427881442621356e+03 3.459871963944638537e+03 5.881930128761555352e+02 4.699619607402728434e+03
5.419824570617149220e+03 3.459623332032944745e+03 2.946860905395436930e+03 8.159750856579876199e+03 6.214020283033088162e+03 2.499661130874589162e+03 2.423970446642620573e+03 7.064533089244847361e+03 2.164573246225270850e+03 2.109012073191402578e+03
6.398752209120443695e+03 5.124529280450231454e+03 4.051868656056853979e+03 4.109119403784246060e+03 8.187454535152494827e+03 3.984549273718506356e+03 3.358450442977957664e+03 8.256589201523205702e+03 6.008241915487880760e+03 3.238040488030510460e+03
2.826887640390646993e+03 2.426390372894015002e+02 2.195771878386571643e+03 1.488648516676168583e+03 4.865061181879058495e+03 5.690552905926279891e+03 1.052430545406399006e+03 1.491913967402913954e+02 2.434113168590195528e+03 6.906080582057242054e+02
6.470522524314242219e+03 3.116151902271590643e+03 1.244986572534669222e+03 3.142920670802132918e+03 4.155084638643394101e+03 2.150576981936330412e+03 5.172193300458938211e+03 2.331587328838539634e+03 5.720125076453992733e+03 1.999418012798244717e+03
8.211261924831133001e+03 5.577434701465066382e+02 4.937452758014505889e+03 7.997673736078911588e+02 2.341344513050675005e+02 3.187324042251584160e+03 3.435861035926266140e+03 2.254888580498954980e+03 8.219484528717210196e+03 6.008192473868915840e+03
7.937786094794786322e+02 6.520833767865768095e+03 6.573843380146366144e+03 5.027699891690029290e+03 3.603402415350533374e+03 5.333438596217221175e+02 4.231576260849834398e+03 4.811151093323672967e+02 4.780169475718318608e+03 6.688959067032679741e+03
1.374628673936164660e+03 2.296686875684275037e+03 9.599043948166567475e+01 6.876810238267668865e+03 2.380000477112351746e+03 8.209973565406105990e+03 2.620696582544352182e+01 2.104016787299910902e+03 4.555744315081028617e+03 2.543784099758627235e+03
