0.000000000000000000e+00
6.000000000000000000e+00
1.200000000000000000e+01
1.800000000000000000e+01
2.400000000000000000e+01
3.000000000000000000e+01
3.600000000000000000e+01
4.200000000000000000e+01
4.800000000000000000e+01
5.400000000000000000e+01
6.000000000000000000e+01
6.600000000000000000e+01
7.200000000000000000e+01
7.800000000000000000e+01
8.400000000000000000e+01
9.000000000000000000e+01
9.600000000000000000e+01
1.020000000000000000e+02
1.080000000000000000e+02
1.140000000000000000e+02
1.200000000000000000e+02
1.260000000000000000e+02
1.320000000000000000e+02
1.380000000000000000e+02
1.440000000000000000e+02
1.500000000000000000e+02
1.560000000000000000e+02
1.620000000000000000e+02
1.680000000000000000e+02
1.740000000000000000e+02
1.800000000000000000e+02
1.860000000000000000e+02
1.920000000000000000e+02
1.980000000000000000e+02
2.040000000000000000e+02
2.100000000000000000e+02
2.160000000000000000e+02
2.220000000000000000e+02
2.280000000000000000e+02
2.340000000000000000e+02
2.400000000000000000e+02
2.460000000000000000e+02
2.520000000000000000e+02
2.580000000000000000e+02
2.640000000000000000e+02
2.700000000000000000e+02
2.760000000000000000e+02
2.820000000000000000e+02
2.880000000000000000e+02
2.940000000000000000e+02
3.000000000000000000e+02
3.060000000000000000e+02
3.120000000000000000e+02
3.180000000000000000e+02
3.240000000000000000e+02
3.300000000000000000e+02
3.360000000000000000e+02
3.420000000000000000e+02
3.480000000000000000e+02
3.540000000000000000e+02
