-9.945658872412064255e-01
-9.945658872412064255e-01
-9.949015401200226316e-01
-9.949015401200226316e-01
-9.949015401200226316e-01
-9.949015401200226316e-01
-9.949015401200226316e-01
-9.954043321045009662e-01
-9.962346531636810942e-01
-9.962346531636810942e-01
-9.966384270012905722e-01
-9.969177762494239037e-01
-9.975283591692738483e-01
-9.980405798639313542e-01
-9.981024948709822375e-01
-9.982284018385119140e-01
-9.982364385766194781e-01
-9.981996499829522973e-01
-9.981950174238143347e-01
-9.982068844411408071e-01
-9.987743554032663118e-01
-9.989453040612167323e-01
-9.989244787892246347e-01
-9.989382669242528046e-01
-9.989586293928515159e-01
-9.989568817702155767e-01
-9.989578794320330690e-01
-9.989571838849232721e-01
-9.989591732099418753e-01
-9.989602950973708317e-01
-9.989601266505556687e-01
-9.989604376247682715e-01
-9.989613138755971677e-01
-9.989608256221402804e-01
-9.989608611404342531e-01
-9.989613021886678546e-01
-9.989611639114387431e-01
-9.989612586729390564e-01
-9.989614445772424522e-01
-9.989614821897725427e-01
-9.989615173576410490e-01
-9.989614998974865046e-01
-9.989615122089605670e-01
-9.989615316097260056e-01
-9.989615289344720983e-01
-9.989615329034867708e-01
-9.989615364813368981e-01
-9.989615417593370461e-01
-9.989615484164848791e-01
-9.989615600637687942e-01
-9.989615640427295107e-01
-9.989615628055819041e-01
-9.989615624552047324e-01
-9.989615578108721472e-01
-9.989615596035499312e-01
-9.989615632672941281e-01
-9.989615619027182314e-01
-9.989615628588701668e-01
-9.989615638387503438e-01
-9.989615638741639048e-01
-9.989615636363903262e-01
-9.989615635238050517e-01
-9.989615637335961251e-01
-9.989615640450995038e-01
-9.989615639826373572e-01
-9.989615641837136240e-01
-9.989615640501970928e-01
-9.989615640434564847e-01
-9.989615641230442655e-01
-9.989615640543189068e-01
-9.989615640530568053e-01
-9.989615641305408245e-01
-9.989615641073239516e-01
-9.989615640986287959e-01
-9.989615641274768310e-01
-9.989615641124212075e-01
-9.989615641202161944e-01
-9.989615641188642758e-01
-9.989615641212639119e-01
-9.989615641288868142e-01
-9.989615641232139076e-01
-9.989615641225445541e-01
-9.989621519950718787e-01
-9.994058673062125031e-01
-9.993629584640111307e-01
-9.993690390504672560e-01
-9.994023560880360701e-01
-9.994077190393813037e-01
-9.994059617612082169e-01
-9.994024703213539862e-01
-9.994124262337482634e-01
-9.994094368562317365e-01
-9.994091756073021360e-01
-9.994091114519875196e-01
-9.994094095389739474e-01
-9.994094441432872511e-01
-9.994092841631682100e-01
-9.994096528173710414e-01
-9.994097141813922391e-01
-9.994097804779862315e-01
