-9.113397907570207623e-01
-9.480671241522068415e-01
-9.689070874278143952e-01
-9.820969258212298714e-01
-9.841486549048612531e-01
-9.847297985459718683e-01
-9.819146946522323560e-01
-9.839655359409840152e-01
-9.848871833748248372e-01
-9.823245344456611461e-01
-9.865939082323413878e-01
-9.851957629668790517e-01
-9.860127134731484499e-01
-9.849317499162886236e-01
-9.842327788013993661e-01
-9.885553599848901918e-01
-9.880077075679888354e-01
-9.887635353987278553e-01
-9.873863749538369650e-01
-9.899224717937226137e-01
-9.889941803791848507e-01
-9.877170620079518404e-01
-9.860458686349683477e-01
-9.865623170198368763e-01
-9.901853421315965909e-01
-9.893585543473766286e-01
-9.891235254402980237e-01
-9.868621802761191608e-01
-9.885429725924020916e-01
-9.873366606590764372e-01
-9.882307404848377219e-01
-9.867961206891857628e-01
-9.886786072851464491e-01
-9.889870263028407438e-01
-9.885647369638657089e-01
-9.887005287491293926e-01
-9.876080931337359869e-01
-9.876679312207369277e-01
-9.877939009163462236e-01
-9.875148337191401726e-01
-9.881896525788093077e-01
-9.872661597140273138e-01
-9.885968252310823878e-01
-9.846898303773511385e-01
-9.880068383768073614e-01
-9.860343566785890745e-01
-9.871400230321937252e-01
-9.886978692826415838e-01
-9.901011675875472928e-01
-9.847212575015504843e-01
-9.865712475907393308e-01
-9.865904011713321209e-01
-9.869790338341719593e-01
-9.857468535688428402e-01
-9.887029651453133061e-01
-9.871042496526033494e-01
-9.878911706818138683e-01
-9.865817010412472055e-01
-9.872981346541341852e-01
-9.870013696862391939e-01
-9.856783588968580645e-01
-9.874089868511535251e-01
-9.865832863398964481e-01
-9.877182485549872437e-01
-9.866913601829742086e-01
-9.880335914940922004e-01
-9.887121622447797575e-01
-9.837500561494689766e-01
-9.859955338281984893e-01
-9.832125371697846283e-01
-9.867075327972030241e-01
-9.858526960562553620e-01
-9.861268583813231903e-01
-9.866281951771437297e-01
-9.849071140216062448e-01
-9.843995062857581191e-01
-9.839849788075184511e-01
-9.820257110050542027e-01
-9.873273321554093540e-01
-9.840556572172316496e-01
-9.822241668548424842e-01
-9.862579055926816718e-01
-9.845127440497506432e-01
-9.850536143656529742e-01
-9.858625919782808555e-01
-9.852608754523051182e-01
-9.862504007006317464e-01
-9.847627789246800045e-01
-9.851719877859356211e-01
-9.858559931828200229e-01
-9.866642195340783461e-01
-9.858901031167677242e-01
-9.869136797945450290e-01
-9.844488182557298295e-01
-9.854321660294124152e-01
-9.860797879089227003e-01
-9.832395664849247208e-01
-9.834612403424246585e-01
-9.858669910964897865e-01
-9.847174715369879650e-01
